39326,
40095,
40865,
41634,
42403,
43172,
43941,
44711,
45480,
46249,
47018,
47787,
48557,
49326,
50095,
50864,
51633,
52403,
53172,
53941,
54710,
55479,
56249,
57018,
57787,
58556,
59325,
60095,
60864,
61633,
62402,
63171,
63941,
64710,
65479,
65508,
65422,
65337,
65251,
65166,
65080,
64995,
64909,
64824,
64738,
64653,
64567,
64482,
64396,
64311,
64226,
64140,
64055,
63969,
63884,
63798,
63713,
63627,
63542,
63456,
63371,
63285,
63200,
63114,
63029,
62944,
62858,
62773,
62687,
62602,
62516,
62431,
62345,
62260,
62174,
62089,
62003,
61918,
61832,
61747,
61662,
61576,
61491,
61405,
61320,
61234,
61149,
61063,
60978,
60892,
60807,
60721,
60636,
60550,
60465,
60379,
60294,
60209,
60123,
60038,
59952,
59867,
59781,
59696,
59610,
59525,
59439,
59354,
59268,
59183,
59097,
59012,
58927,
58841,
58756,
58670,
58585,
58499,
58414,
58328,
58243,
58157,
58072,
57986,
57901,
57815,
57730,
57645,
57559,
57474,
57388,
57303,
57217,
57132,
57046,
56961,
56875,
56790,
56704,
56619,
56533,
56448,
56363,
56277,
56192,
56106,
56021,
55935,
55850,
55764,
55679,
55593,
55508,
55422,
55337,
55251,
55166,
55081,
54995,
54910,
54824,
54739,
54653,
54568,
54482,
54397,
54311,
54226,
54140,
54055,
53969,
53884,
53799,
53713,
53628,
53542,
53457,
53371,
53286,
53200,
53115,
53029,
52944,
52858,
52773,
52687,
52602,
52517,
52431,
52346,
52260,
52175,
52089,
52004,
51918,
51833,
51747,
51662,
51576,
51491,
51405,
51320,
51235,
51149,
51064,
50978,
50893,
50807,
50722,
50636,
50551,
50465,
50380,
50294,
50209,
50123,
50038,
49953,
49867,
49782,
49696,
49611,
49525,
49440,
49354,
49269,
49183,
49098,
49012,
48927,
48841,
48756,
48671,
48585,
48500,
48414,
48329,
48243,
48158,
48072,
47987,
47901,
47816,
47730,
47645,
47559,
47474,
47389,
47303,
47218,
47132,
47047,
46961,
46876,
46790,
46705,
46619,
46534,
46448,
46363,
46277,
46192,
46107,
46021,
45936,
45850,
45765,
45679,
45594,
45508,
45423,
45337,
45252,
45166,
45081,
44995,
44910,
44825,
44739,
44654,
44568,
44483,
44397,
44312,
44226,
44141,
44055,
43970,
43884,
43799,
43713,
43628,
43543,
43457,
43372,
43286,
43201,
43115,
43030,
42944,
42859,
42773,
42688,
42602,
42517,
42431,
42346,
42261,
42175,
42090,
42004,
41919,
41833,
41748,
41662,
41577,
41491,
41406,
41320,
41235,
41149,
41064,
40979,
40893,
40808,
40722,
40637,
40551,
40466,
40380,
40295,
40209,
40124,
40038,
39953,
39867,
39782,
39697,
39611,
39526,
39440,
39355,
39839,
40608,
41377,
42147,
42916,
43685,
44454,
45223,
45993,
46762,
47531,
48300,
49069,
49839,
50608,
51377,
52146,
52915,
53685,
54454,
55223,
55992,
56761,
57531,
58300,
59069,
59838,
60607,
61377,
62146,
62915,
63684,
64453,
65223,
65535,
65451,
65365,
65280,
65194,
65109,
65023,
64938,
64852,
64767,
64681,
64596,
64510,
64425,
64339,
64254,
64169,
64083,
63998,
63912,
63827,
63741,
63656,
63570,
63485,
63399,
63314,
63228,
63143,
63057,
62972,
62887,
62801,
62716,
23247,
23162,
23076,
22991,
22905,
22820,
22734,
22649,
22563,
22478,
22392,
22307,
22221,
22136,
22050,
21965,
21880,
21794,
21709,
21623,
21538,
21452,
21367,
21281,
21196,
21110,
21025,
20939,
20854,
20768,
20683,
20598,
20512,
20427,
20341,
20256,
20170,
20085,
19999,
19914,
19828,
19743,
19657,
19572,
19486,
19401,
19316,
19230,
19145,
19059,
18974,
18888,
18803,
18717,
18632,
18546,
18461,
18375,
18290,
18204,
18119,
18034,
17948,
17863,
17777,
17692,
17606,
17521,
17435,
17350,
17264,
17179,
17093,
17008,
16922,
16837,
16752,
16666,
16581,
16495,
16410,
16324,
16239,
16153,
16068,
15982,
15897,
15811,
15726,
15640,
15555,
15470,
15384,
15299,
15213,
15128,
15042,
14957,
14871,
14786,
14700,
14615,
14529,
14444,
14358,
14273,
14188,
14102,
14017,
13931,
13846,
13760,
13675,
13589,
13504,
13418,
13333,
13247,
13162,
13076,
12991,
12905,
12820,
12735,
12649,
12564,
12478,
12393,
12307,
12222,
12136,
12051,
11965,
11880,
11794,
11709,
11623,
11538,
11453,
11367,
11282,
11196,
11111,
11025,
10940,
10854,
10769,
10683,
10598,
10512,
10427,
10341,
10256,
10171,
10085,
10000,
9914,
9829,
9743,
9658,
9572,
9487,
9401,
9316,
9230,
9145,
9059,
8974,
8889,
8803,
8718,
8632,
8547,
8461,
8376,
8290,
8205,
8119,
8034,
7948,
7863,
7777,
7692,
7607,
7521,
7436,
7350,
7265,
7179,
7094,
7008,
6923,
6837,
6752,
6666,
6581,
6495,
6410,
6325,
6239,
6154,
6068,
5983,
5897,
5812,
5726,
5641,
5555,
5470,
5384,
5299,
5213,
5128,
5043,
4957,
4872,
4786,
4701,
4615,
4530,
4444,
4359,
4273,
4188,
4102,
4017,
3931,
3846,
3761,
3675,
3590,
3504,
3419,
3333,
3248,
3162,
3077,
2991,
2906,
2820,
2735,
2649,
2564,
2479,
2393,
2308,
2222,
2137,
2051,
1966,
1880,
1795,
1709,
1624,
1538,
1453,
1367,
1282,
1197,
1111,
1026,
940,
855,
769,
684,
598,
513,
427,
342,
256,
171,
85,
0,
199,
969,
1738,
2507,
3276,
4045,
4815,
5584,
6353,
7122,
7891,
8661,
9430,
10199,
10968,
11737,
12507,
13276,
14045,
14814,
15583,
16353,
17122,
17891,
18660,
19429,
20199,
20968,
21737,
22506,
23275,
24045,
24814,
25583,
26181,
26096,
26010,
25925,
25839,
25754,
25669,
25583,
25498,
25412,
25327,
25241,
25156,
25070,
24985,
24899,
24814,
24728,
24643,
24557,
24472,
24387,
24301,
24216,
24130,
24045,
23959,
23874,
23788,
23703,
23617,
23532,
23446,
23361,
23275,
23190,
23105,
23019,
22934,
22848,
22763,
22677,
22592,
22506,
22421,
22335,
22250,
22164,
22079,
21993,
21908,
21823,
21737,
21652,
21566,
21481,
21395,
21310,
21224,
21139,
21053,
20968,
20882,
20797,
20711,
20626,
20541,
20455,
20370,
20284,
20199,
20113,
20028,
19942,
19857,
19771,
19686,
19600,
19515,
19429,
19344,
19259,
19173,
19088,
19002,
18917,
18831,
18746,
18660,
18575,
18489,
18404,
18318,
18233,
18147,
18062,
17977,
17891,
17806,
17720,
17635,
17549,
17464,
17378,
17293,
17207,
17122,
17036,
16951,
16865,
16780,
16695,
16609,
16524,
16438,
16353,
16267,
16182,
16096,
16011,
15925,
15840,
15754,
15669,
15583,
15498,
15413,
15327,
15242,
15156,
15071,
14985,
14900,
14814,
14729,
14643,
14558,
14472,
14387,
14301,
14216,
14131,
14045,
13960,
13874,
13789,
13703,
13618,
13532,
13447,
13361,
13276,
13190,
13105,
13019,
12934,
12849,
12763,
12678,
12592,
12507,
12421,
12336,
12250,
12165,
12079,
11994,
11908,
11823,
11737,
11652,
11567,
11481,
11396,
11310,
11225,
11139,
11054,
10968,
10883,
10797,
10712,
10626,
10541,
10455,
10370,
10285,
10199,
10114,
10028,
9943,
9857,
9772,
9686,
9601,
9515,
9430,
9344,
9259,
9173,
9088,
9003,
8917,
8832,
8746,
8661,
8575,
8490,
8404,
8319,
8233,
8148,
8062,
7977,
7891,
7806,
7721,
7635,
7550,
7464,
7379,
7293,
7208,
7122,
7037,
6951,
6866,
6780,
6695,
6609,
6524,
6439,
6353,
6268,
6182,
6097,
6011,
5926,
5840,
5755,
5669,
5584,
5498,
5413,
5327,
5242,
5157,
5071,
4986,
4900,
4815,
4729,
4644,
4558,
4473,
4387,
4302,
4216,
4131,
4045,
3960,
3874,
3789,
3704,
3618,
3533,
3447,
3362,
3276,
3191,
3105,
3020,
2934,
2849,
2763,
2678,
2592,
2507,
2422,
2336,
2251,
2165,
2080,
1994,
1909,
1823,
1738,
1652,
1567,
1481,
1396,
1310,
1225,
1140,
1054,
969,
883,
798,
712,
627,
541,
456,
370,
285,
199,
114,
28