32768,
33302,
33836,
34369,
34902,
35434,
35966,
36497,
37027,
37555,
38083,
38609,
39133,
39656,
40177,
40695,
41212,
41726,
42238,
42748,
43254,
43758,
44259,
44757,
45251,
45742,
46230,
46714,
47194,
47671,
48143,
48611,
49075,
49535,
49990,
50440,
50886,
51327,
51763,
52193,
52619,
53039,
53454,
53863,
54267,
54665,
55057,
55443,
55823,
56197,
56564,
56926,
57280,
57629,
57971,
58306,
58634,
58955,
59270,
59577,
59878,
60171,
60457,
60736,
61007,
61271,
61527,
61776,
62018,
62251,
62477,
62695,
62906,
63108,
63303,
63489,
63668,
63839,
64001,
64156,
64302,
64440,
64571,
64693,
64806,
64912,
65009,
65098,
65179,
65252,
65316,
65372,
65420,
65460,
65491,
65514,
65529,
65535,
65535,
65525,
65507,
65481,
65447,
65405,
65355,
65297,
65230,
65156,
65074,
64984,
64887,
64781,
64668,
64547,
64419,
64283,
64140,
63989,
63830,
63665,
63492,
63312,
63125,
62931,
62730,
62522,
62307,
62086,
61857,
61623,
61382,
61134,
60880,
60621,
60355,
60082,
59805,
59521,
59231,
58936,
58636,
58330,
58018,
57702,
57381,
57054,
56723,
56387,
56046,
55701,
55351,
54998,
54640,
54278,
53912,
53542,
53169,
52792,
52411,
52028,
51641,
51251,
50859,
50463,
50065,
49664,
49261,
48856,
48448,
48039,
47628,
47215,
46800,
46384,
45966,
45548,
45128,
44707,
44286,
43864,
43441,
43018,
42594,
42171,
41747,
41324,
40901,
40478,
40056,
39634,
39213,
38793,
38374,
37957,
37540,
37125,
36711,
36299,
35889,
35481,
35075,
34671,
34269,
33870,
33473,
33079,
32687,
32299,
31913,
31531,
31151,
30775,
30402,
30033,
29668,
29306,
28948,
28594,
28244,
27898,
27556,
27219,
26886,
26558,
26234,
25915,
25600,
25291,
24986,
24687,
24392,
24103,
23819,
23540,
23267,
22999,
22736,
22480,
22228,
21983,
21743,
21510,
21282,
21060,
20844,
20634,
20430,
20232,
20040,
19855,
19676,
19503,
19336,
19176,
19022,
18875,
18734,
18599,
18471,
18350,
18235,
18126,
18024,
17928,
17839,
17757,
17681,
17612,
17549,
17493,
17443,
17399,
17363,
17332,
17309,
17291,
17280,
17276,
17278,
17286,
17301,
17321,
17349,
17382,
17422,
17467,
17519,
17577,
17641,
17711,
17787,
17868,
17956,
18049,
18148,
18253,
18363,
18479,
18600,
18727,
18859,
18996,
19138,
19286,
19438,
19596,
19758,
19925,
20097,
20274,
20455,
20640,
20830,
21024,
21223,
21425,
21632,
21842,
22057,
22275,
22497,
22722,
22951,
23183,
23418,
23657,
23898,
24143,
24390,
24640,
24893,
25148,
25405,
25665,
25928,
26192,
26458,
26726,
26996,
27267,
27540,
27815,
28090,
28367,
28646,
28925,
29204,
29485,
29766,
30048,
30331,
30613,
30896,
31179,
31462,
31744,
32027,
32309,
32591,
32872,
33152,
33432,
33710,
33988,
34265,
34540,
34814,
35087,
35358,
35627,
35895,
36161,
36424,
36686,
36946,
37203,
37458,
37711,
37961,
38208,
38453,
38695,
38934,
39170,
39403,
39633,
39859,
40083,
40302,
40519,
40731,
40940,
41146,
41347,
41545,
41739,
41928,
42114,
42295,
42472,
42645,
42814,
42978,
43138,
43293,
43444,
43589,
43731,
43867,
43999,
44126,
44248,
44365,
44478,
44585,
44687,
44784,
44876,
44963,
45045,
45122,
45193,
45260,
45321,
45376,
45427,
45472,
45512,
45547,
45576,
45600,
45619,
45632,
45640,
45643,
45640,
45632,
45619,
45601,
45577,
45548,
45514,
45474,
45430,
45380,
45325,
45265,
45200,
45129,
45054,
44974,
44888,
44798,
44703,
44603,
44498,
44389,
44275,
44156,
44032,
43904,
43772,
43635,
43494,
43348,
43198,
43044,
42885,
42723,
42557,
42386,
42212,
42034,
41852,
41667,
41478,
41285,
41090,
40890,
40688,
40482,
40274,
40062,
39847,
39630,
39409,
39186,
38961,
38733,
38503,
38270,
38035,
37798,
37559,
37318,
37076,
36831,
36585,
36338,
36089,
35838,
35587,
35334,
35080,
34826,
34570,
34314,
34058,
33800,
33543,
33285,
33026,
32768,
32510,
32251,
31993,
31736,
31478,
31222,
30966,
30710,
30456,
30202,
29949,
29698,
29447,
29198,
28951,
28705,
28460,
28218,
27977,
27738,
27501,
27266,
27033,
26803,
26575,
26350,
26127,
25906,
25689,
25474,
25262,
25054,
24848,
24646,
24446,
24251,
24058,
23869,
23684,
23502,
23324,
23150,
22979,
22813,
22651,
22492,
22338,
22188,
22042,
21901,
21764,
21632,
21504,
21380,
21261,
21147,
21038,
20933,
20833,
20738,
20648,
20562,
20482,
20407,
20336,
20271,
20211,
20156,
20106,
20062,
20022,
19988,
19959,
19935,
19917,
19904,
19896,
19893,
19896,
19904,
19917,
19936,
19960,
19989,
20024,
20064,
20109,
20160,
20215,
20276,
20343,
20414,
20491,
20573,
20660,
20752,
20849,
20951,
21058,
21171,
21288,
21410,
21537,
21669,
21805,
21947,
22092,
22243,
22398,
22558,
22722,
22891,
23064,
23241,
23422,
23608,
23797,
23991,
24189,
24390,
24596,
24805,
25017,
25234,
25453,
25677,
25903,
26133,
26366,
26602,
26841,
27083,
27328,
27575,
27825,
28078,
28333,
28590,
28850,
29112,
29375,
29641,
29909,
30178,
30449,
30722,
30996,
31271,
31548,
31826,
32104,
32384,
32664,
32945,
33227,
33509,
33792,
34074,
34357,
34640,
34923,
35205,
35488,
35770,
36051,
36332,
36611,
36890,
37169,
37446,
37721,
37996,
38269,
38540,
38810,
39078,
39344,
39608,
39871,
40131,
40388,
40643,
40896,
41146,
41393,
41638,
41879,
42118,
42353,
42585,
42814,
43039,
43261,
43479,
43694,
43904,
44111,
44313,
44512,
44706,
44896,
45081,
45262,
45439,
45611,
45778,
45940,
46098,
46250,
46398,
46540,
46677,
46809,
46936,
47057,
47173,
47283,
47388,
47487,
47580,
47668,
47749,
47825,
47895,
47959,
48017,
48069,
48114,
48154,
48187,
48215,
48235,
48250,
48258,
48260,
48256,
48245,
48227,
48204,
48173,
48137,
48093,
48043,
47987,
47924,
47855,
47779,
47697,
47608,
47512,
47410,
47301,
47186,
47065,
46937,
46802,
46661,
46514,
46360,
46200,
46033,
45860,
45681,
45496,
45304,
45106,
44902,
44692,
44476,
44254,
44026,
43793,
43553,
43308,
43056,
42800,
42537,
42269,
41996,
41717,
41433,
41144,
40849,
40550,
40245,
39936,
39621,
39302,
38978,
38650,
38317,
37980,
37638,
37292,
36942,
36588,
36230,
35868,
35503,
35134,
34761,
34385,
34005,
33623,
33237,
32849,
32457,
32063,
31666,
31267,
30865,
30461,
30055,
29647,
29237,
28825,
28411,
27996,
27579,
27162,
26743,
26323,
25902,
25480,
25058,
24635,
24212,
23789,
23365,
22942,
22518,
22095,
21672,
21250,
20829,
20408,
19988,
19570,
19152,
18736,
18321,
17908,
17497,
17088,
16680,
16275,
15872,
15471,
15073,
14677,
14285,
13895,
13508,
13125,
12744,
12367,
11994,
11624,
11258,
10896,
10538,
10185,
9835,
9490,
9149,
8813,
8482,
8155,
7834,
7518,
7206,
6900,
6600,
6305,
6015,
5731,
5454,
5181,
4915,
4656,
4402,
4154,
3913,
3679,
3450,
3229,
3014,
2806,
2605,
2411,
2224,
2044,
1871,
1706,
1547,
1396,
1253,
1117,
989,
868,
755,
649,
552,
462,
380,
306,
239,
181,
131,
89,
55,
29,
11,
1,
0,
7,
22,
45,
76,
116,
164,
220,
284,
357,
438,
527,
624,
730,
843,
965,
1096,
1234,
1380,
1535,
1697,
1868,
2047,
2233,
2428,
2630,
2841,
3059,
3285,
3518,
3760,
4009,
4265,
4529,
4800,
5079,
5365,
5658,
5959,
6266,
6581,
6902,
7230,
7565,
7907,
8256,
8610,
8972,
9339,
9713,
10093,
10479,
10871,
11269,
11673,
12082,
12497,
12917,
13343,
13773,
14209,
14650,
15096,
15546,
16001,
16461,
16925,
17393,
17865,
18342,
18822,
19306,
19794,
20285,
20779,
21277,
21778,
22282,
22788,
23298,
23810,
24324,
24841,
25359,
25880,
26403,
26927,
27453,
27981,
28509,
29039,
29570,
30102,
30634,
31167,
31700,
32234