131,
139,
147,
156,
165,
175,
185,
196,
208,
220,
233,
247,
262,
277,
294,
311,
330,
349,
370,
392,
415,
440,
466,
494,
523,
554,
587,
622,
659,
698,
740,
784,
831,
880,
932,
988,
1047,
1109,
1175,
1245,
1319,
1397,
1480,
1568,
1661,
1760,
1865,
1976,
2093,
2217,
2349,
2489,
2637,
2794,
2960,
3136,
3322,
3520,
3729,
3951,
4186,
4435,
4699,
4978,
5274,
5588,
5920,
6272,
6645,
7040,
7459,
7902,
8372,
8870,
9397,
9956,
10548,
11175,
11840,
12544,
13290,
14080,
14917,
15804,
16744,
17740,
18795,
19912,
21096,
22351,
23680,
25088,
26580,
28160,
29834,
31609,
33488,
35479,
37589,
39824,
42192,
44701,
47359,
50175,
53159,
56320,
59669,
63217,
65535,
65535,
65535,
65535,
65535,
65535,
65535,
65535,
65535,
65535,
65535,
65535,
65535,
65535,
65535,
65535,
65535,
65535,
65535,
65535