49160,
49240,
49320,
49400,
49480,
49560,
49640,
49720,
49800,
49880,
49960,
50040,
50120,
50200,
50280,
50360,
50440,
50520,
50600,
50680,
50760,
50840,
50920,
51000,
51080,
51160,
51240,
51320,
51400,
51480,
51560,
51640,
51720,
51800,
51880,
51960,
52040,
52120,
52200,
52281,
52361,
52441,
52521,
52601,
52681,
52761,
52841,
52921,
53001,
53081,
53161,
53241,
53321,
53401,
53481,
53561,
53641,
53721,
53801,
53881,
53961,
54041,
54121,
54201,
54281,
54361,
54441,
54521,
54601,
54681,
54761,
54841,
54921,
55001,
55081,
55161,
55241,
55321,
55401,
55481,
55561,
55641,
55721,
55801,
55881,
55961,
56041,
56121,
56201,
56281,
56361,
56441,
56521,
56601,
56681,
56761,
56841,
56921,
57001,
57081,
57161,
57241,
57321,
57401,
57481,
57561,
57641,
57721,
57801,
57881,
57961,
58041,
58121,
58201,
58281,
58361,
58442,
58522,
58602,
58682,
58762,
58842,
58922,
59002,
59082,
59162,
59242,
59322,
59402,
59482,
59562,
59642,
59722,
59802,
59882,
59962,
60042,
60122,
60202,
60282,
60362,
60442,
60522,
60602,
60682,
60762,
60842,
60922,
61002,
61082,
61162,
61242,
61322,
61402,
61482,
61562,
61642,
61722,
61802,
61882,
61962,
62042,
62122,
62202,
62282,
62362,
62442,
62522,
62602,
62682,
62762,
62842,
62922,
63002,
63082,
63162,
63242,
63322,
63402,
63482,
63562,
63642,
63722,
63802,
63882,
63962,
64042,
64122,
64202,
64282,
64362,
64442,
64523,
64603,
64683,
64763,
64843,
64923,
65003,
65083,
65163,
65243,
65323,
65403,
65483,
65535,
65483,
65429,
65376,
65323,
65269,
65216,
65163,
65109,
65056,
65003,
64949,
64896,
64843,
64789,
64736,
64683,
64629,
64576,
64523,
64469,
64416,
64362,
64309,
64256,
64202,
64149,
64096,
64042,
63989,
63936,
63882,
63829,
63776,
63722,
63669,
63616,
63562,
63509,
63456,
63402,
63349,
63296,
63242,
63189,
63136,
63082,
63029,
62976,
62922,
62869,
62816,
62762,
62709,
62656,
62602,
62549,
62496,
62442,
62389,
62335,
62282,
62229,
62175,
62122,
62069,
62015,
61962,
61909,
61855,
61802,
61749,
61695,
61642,
61589,
61535,
61482,
61429,
61375,
61322,
61269,
61215,
61162,
61109,
61055,
61002,
60949,
60895,
60842,
60789,
60735,
60682,
60629,
60575,
60522,
60469,
60415,
60362,
60308,
60255,
60202,
60148,
60095,
60042,
59988,
59935,
59882,
59828,
59775,
59722,
59668,
59615,
59562,
59508,
59455,
59402,
59348,
59295,
59242,
59188,
59135,
59082,
59028,
58975,
58922,
58868,
58815,
58762,
58708,
58655,
58602,
58548,
58495,
58442,
58388,
58335,
58281,
58228,
58175,
58121,
58068,
58015,
57961,
57908,
57855,
57801,
57748,
57695,
57641,
57588,
57535,
57481,
57428,
57375,
57321,
57268,
57215,
57161,
57108,
57055,
57001,
56948,
56895,
56841,
56788,
56735,
56681,
56628,
56575,
56521,
56468,
56415,
56361,
56308,
56254,
56201,
56148,
56094,
56041,
55988,
55934,
55881,
55828,
55774,
55721,
55668,
55614,
55561,
55508,
55454,
55401,
55348,
55294,
55241,
55188,
55134,
55081,
55028,
54974,
54921,
54868,
54814,
54761,
54708,
54654,
5441,
5388,
5334,
5281,
5228,
5174,
5121,
5067,
5014,
4961,
4907,
4854,
4801,
4747,
4694,
4641,
4587,
4534,
4481,
4427,
4374,
4321,
4267,
4214,
4161,
4107,
4054,
4001,
3947,
3894,
3841,
3787,
3734,
3681,
3627,
3574,
3521,
3467,
3414,
3361,
3307,
3254,
3201,
3147,
3094,
3040,
2987,
2934,
2880,
2827,
2774,
2720,
2667,
2614,
2560,
2507,
2454,
2400,
2347,
2294,
2240,
2187,
2134,
2080,
2027,
1974,
1920,
1867,
1814,
1760,
1707,
1654,
1600,
1547,
1494,
1440,
1387,
1334,
1280,
1227,
1174,
1120,
1067,
1013,
960,
907,
853,
800,
747,
693,
640,
587,
533,
480,
427,
373,
320,
267,
213,
160,
107,
53,
0,
80,
160,
240,
320,
400,
480,
560,
640,
720,
800,
880,
960,
1040,
1120,
1200,
1280,
1360,
1440,
1520,
1600,
1680,
1760,
1840,
1920,
2000,
2080,
2160,
2240,
2320,
2400,
2480,
2560,
2640,
2720,
2800,
2880,
2960,
3040,
3121,
3201,
3281,
3361,
3441,
3521,
3601,
3681,
3761,
3841,
3921,
4001,
4081,
4161,
4241,
4321,
4401,
4481,
4561,
4641,
4721,
4801,
4881,
4961,
5041,
5121,
5201,
5281,
5361,
5441,
5521,
5601,
5681,
5761,
5841,
5921,
6001,
6081,
6161,
6241,
6321,
6401,
6481,
6561,
6641,
6721,
6801,
6881,
6961,
7041,
7121,
7201,
7281,
7361,
7441,
7521,
7601,
7681,
7761,
7841,
7921,
8001,
8081,
8161,
8241,
8321,
8401,
8481,
8561,
8641,
8721,
8801,
8881,
8961,
9041,
9121,
9201,
9282,
9362,
9442,
9522,
9602,
9682,
9762,
9842,
9922,
10002,
10082,
10162,
10242,
10322,
10402,
10482,
10562,
10642,
10722,
10802,
10882,
10962,
11042,
11122,
11202,
11282,
11362,
11442,
11522,
11602,
11682,
11762,
11842,
11922,
12002,
12082,
12162,
12242,
12322,
12402,
12482,
12562,
12642,
12722,
12802,
12882,
12962,
13042,
13122,
13202,
13282,
13362,
13442,
13522,
13602,
13682,
13762,
13842,
13922,
14002,
14082,
14162,
14242,
14322,
14402,
14482,
14562,
14642,
14722,
14802,
14882,
14962,
15042,
15122,
15202,
15282,
15363,
15443,
15523,
15603,
15683,
15763,
15843,
15923,
16003,
16083,
16163,
16243,
16323,
16376,
16323,
16269,
16216,
16163,
16109,
16056,
16003,
15949,
15896,
15843,
15789,
15736,
15683,
15629,
15576,
15523,
15469,
15416,
15363,
15309,
15256,
15202,
15149,
15096,
15042,
14989,
14936,
14882,
14829,
14776,
14722,
14669,
14616,
14562,
14509,
14456,
14402,
14349,
14296,
14242,
14189,
14136,
14082,
14029,
13976,
13922,
13869,
13816,
13762,
13709,
13656,
13602,
13549,
13496,
13442,
13389,
13336,
13282,
13229,
13175,
13122,
13069,
13015,
12962,
12909,
12855,
12802,
12749,
12695,
12642,
12589,
12535,
12482,
12429,
12375,
12322,
12269,
12215,
12162,
12109,
12055,
12002,
11949,
11895,
11842,
11789,
11735,
11682,
11629,
11575,
11522,
11469,
11415,
11362,
11309,
11255,
11202,
11148,
11095,
11042,
10988,
10935,
10882,
10828,
10775,
10722,
10668,
10615,
10562,
10508,
10455,
10402,
10348,
10295,
10242,
10188,
10135,
10082,
10028,
9975,
9922,
9868,
9815,
9762,
9708,
9655,
9602,
9548,
9495,
9442,
9388,
9335,
9282,
9228,
9175,
9121,
9068,
9015,
8961,
8908,
8855,
8801,
8748,
8695,
8641,
8588,
8535,
8481,
8428,
8375,
8321,
8268,
8215,
8161,
8108,
8055,
8001,
7948,
7895,
7841,
7788,
7735,
7681,
7628,
7575,
7521,
7468,
7415,
7361,
7308,
7255,
7201,
7148,
7094,
7041,
6988,
6934,
6881,
6828,
6774,
6721,
6668,
6614,
6561,
6508,
6454,
6401,
6348,
6294,
6241,
6188,
6134,
6081,
6028,
5974,
5921,
5868,
5814,
5761,
5708,
5654,
5601,
5548,
5494,
5441,
5388,
5334,
5281,
5228,
5174,
5121,
5067,
5014,
4961,
4907,
4854,
4801,
4747,
4694,
4641,
4587,
4534,
4481,
4427,
4374,
4321,
4267,
4214,
4161,
4107,
4054,
4001,
3947,
3894,
3841,
3787,
3734,
3681,
3627,
3574,
3521,
3467,
3414,
3361,
3307,
3254,
3201,
3147,
3094,
3040,
2987,
2934,
2880,
2827,
2774,
2720,
2667,
2614,
2560,
2507,
2454,
2400,
2347,
2294,
2240,
2187,
2134,
2080,
2027,
1974,
1920,
1867,
1814,
1760,
1707,
1654,
1600,
1547,
1494,
1440,
1387,
1334,
1280,
1227,
1174,
1120,
1067,
1013,
960,
907,
853,
800,
747,
693,
640,
587,
533,
480,
427,
373,
320,
267,
213,
160,
107,
53