0,
160,
320,
480,
640,
800,
960,
1120,
1280,
1440,
1600,
1760,
1920,
2080,
2240,
2400,
2560,
2720,
2880,
3040,
3200,
3360,
3520,
3680,
3840,
4000,
4160,
4320,
4480,
4640,
4800,
4960,
5120,
5280,
5440,
5600,
5760,
5920,
6080,
6240,
6400,
6560,
6720,
6880,
7040,
7200,
7360,
7520,
7680,
7840,
8000,
8160,
8320,
8480,
8640,
8800,
8960,
9120,
9280,
9440,
9600,
9760,
9920,
10080,
10240,
10400,
10560,
10720,
10880,
11040,
11200,
11360,
11520,
11680,
11840,
12000,
12160,
12320,
12480,
12640,
12800,
12960,
13120,
13280,
13440,
13600,
13760,
13920,
14080,
14240,
14400,
14560,
14720,
14880,
15040,
15200,
15360,
15520,
15680,
15840,
16000,
16160,
16320,
16480,
16640,
16800,
16960,
17120,
17280,
17440,
17600,
17760,
17920,
18080,
18240,
18400,
18560,
18720,
18880,
19040,
19200,
19360,
19520,
19680,
19840,
20000,
20160,
20320,
20480,
20640,
20800,
20960,
21120,
21280,
21440,
21600,
21760,
21920,
22080,
22240,
22400,
22560,
22720,
22880,
23040,
23200,
23360,
23520,
23680,
23840,
24000,
24160,
24320,
24480,
24640,
24800,
24960,
25120,
25280,
25440,
25600,
25760,
25920,
26080,
26240,
26400,
26560,
26720,
26880,
27040,
27200,
27360,
27520,
27680,
27840,
28000,
28160,
28320,
28480,
28640,
28800,
28960,
29120,
29280,
29440,
29600,
29760,
29920,
30080,
30240,
30400,
30560,
30720,
30880,
31040,
31200,
31360,
31520,
31680,
31840,
32000,
32160,
32320,
32480,
32640,
32800,
32960,
33120,
33280,
33440,
33600,
33760,
33920,
34080,
34240,
34400,
34560,
34720,
34880,
35040,
35200,
35360,
35520,
35680,
35840,
36000,
36160,
36320,
36480,
36640,
36800,
36960,
37120,
37280,
37440,
37600,
37760,
37920,
38080,
38240,
38400,
38560,
38720,
38880,
39040,
39200,
39360,
39520,
39680,
39840,
40000,
40160,
40320,
40480,
40640,
40800,
40960,
41120,
41280,
41440,
41600,
41760,
41920,
42080,
42240,
42400,
42560,
42720,
42880,
43040,
43200,
43360,
43520,
43680,
43840,
44000,
44160,
44320,
44480,
44640,
44800,
44960,
45120,
45280,
45440,
45600,
45760,
45920,
46080,
46240,
46400,
46560,
46720,
46880,
47040,
47200,
47360,
47520,
47680,
47840,
48000,
48160,
48320,
48480,
48640,
48800,
48960,
49120,
49280,
49440,
49600,
49760,
49920,
50080,
50240,
50400,
50560,
50720,
50880,
51040,
51200,
51360,
51520,
51680,
51840,
52000,
52160,
52320,
52480,
52640,
52800,
52960,
53120,
53280,
53440,
53600,
53760,
53920,
54080,
54240,
54400,
54560,
54720,
54880,
55040,
55200,
55360,
55520,
55680,
55840,
56000,
56160,
56320,
56480,
56640,
56800,
56960,
57120,
57280,
57440,
57600,
57760,
57920,
58080,
58240,
58400,
58560,
58720,
58880,
59040,
59200,
59360,
59520,
59680,
59840,
60000,
60160,
60320,
60480,
60640,
60800,
60960,
61120,
61280,
61440,
61600,
61760,
61920,
62080,
62240,
62400,
62560,
62720,
62880,
63040,
63200,
63360,
63520,
63680,
63840,
64000,
64160,
64320,
64480,
64640,
64800,
64960,
65120,
65280,
65440,
65493,
65387,
65280,
65173,
65067,
64960,
64853,
64747,
64640,
64533,
64427,
64320,
64213,
64107,
64000,
63893,
63787,
63680,
63573,
63467,
63360,
63253,
63147,
63040,
62933,
62827,
62720,
62613,
62507,
62400,
62293,
62187,
62080,
61973,
61867,
61760,
61653,
61547,
61440,
61333,
61227,
61120,
61013,
60907,
60800,
60693,
60587,
60480,
60373,
60267,
60160,
60053,
59947,
59840,
59733,
59627,
59520,
59413,
59307,
59200,
59093,
58987,
58880,
58773,
58667,
58560,
58453,
58347,
58240,
58133,
58027,
57920,
57813,
57707,
57600,
57493,
57387,
57280,
57173,
57067,
56960,
56853,
56747,
56640,
56533,
56427,
56320,
56213,
56107,
56000,
55893,
55787,
55680,
55573,
55467,
55360,
55253,
55147,
55040,
54933,
54827,
54720,
54613,
54507,
54400,
54293,
54187,
54080,
53973,
53867,
53760,
53653,
53547,
53440,
53333,
53227,
53120,
53013,
52907,
52800,
52693,
52587,
52480,
52373,
52267,
52160,
52053,
51947,
51840,
51733,
51627,
51520,
51413,
51307,
51200,
51093,
50987,
50880,
50773,
50667,
50560,
50453,
50347,
50240,
50133,
50027,
49920,
49813,
49707,
49600,
49493,
49387,
49280,
49173,
49067,
48960,
48853,
48747,
48640,
48533,
48427,
48320,
48213,
48107,
48000,
47893,
47787,
47680,
47573,
47467,
47360,
47253,
47147,
47040,
46933,
46827,
46720,
46613,
46507,
46400,
46293,
46187,
46080,
45973,
45867,
45760,
45653,
45547,
45440,
45333,
45227,
45120,
45013,
44907,
44800,
44693,
44587,
44480,
44373,
44267,
44160,
44053,
43947,
43840,
43733,
43627,
43520,
43413,
43307,
43200,
43093,
42987,
42880,
42773,
42667,
42560,
42453,
42347,
42240,
42133,
42027,
41920,
41813,
41707,
41600,
41493,
41387,
41280,
41173,
41067,
40960,
40853,
40747,
40640,
40533,
40427,
40320,
40213,
40107,
40000,
39893,
39787,
39680,
39573,
39467,
39360,
39253,
39147,
39040,
38933,
38827,
38720,
38613,
38507,
38400,
38293,
38187,
38080,
37973,
37867,
37760,
37653,
37547,
37440,
37333,
37227,
37120,
37013,
36907,
36800,
36693,
36587,
36480,
36373,
36267,
36160,
36053,
35947,
35840,
35733,
35627,
35520,
35413,
35307,
35200,
35093,
34987,
34880,
34773,
34667,
34560,
34453,
34347,
34240,
34133,
34027,
33920,
33813,
33707,
33600,
33493,
33387,
33280,
33173,
33067,
32960,
32853,
32747,
32640,
32533,
32427,
32320,
32213,
32107,
32000,
31893,
31787,
31680,
31573,
31467,
31360,
31253,
31147,
31040,
30933,
30827,
30720,
30613,
30507,
30400,
30293,
30187,
30080,
29973,
29867,
29760,
29653,
29547,
29440,
29333,
29227,
29120,
29013,
28907,
28800,
28693,
28587,
28480,
28373,
28267,
28160,
28053,
27947,
27840,
27733,
27627,
27520,
27413,
27307,
27200,
27093,
26987,
26880,
26773,
26667,
26560,
26453,
26347,
26240,
26133,
26027,
25920,
25813,
25707,
25600,
25493,
25387,
25280,
25173,
25067,
24960,
24853,
24747,
24640,
24533,
24427,
24320,
24213,
24107,
24000,
23893,
23787,
23680,
23573,
23467,
23360,
23253,
23147,
23040,
22933,
22827,
22720,
22613,
22507,
22400,
22293,
22187,
22080,
21973,
21867,
21760,
21653,
21547,
21440,
21333,
21227,
21120,
21013,
20907,
20800,
20693,
20587,
20480,
20373,
20267,
20160,
20053,
19947,
19840,
19733,
19627,
19520,
19413,
19307,
19200,
19093,
18987,
18880,
18773,
18667,
18560,
18453,
18347,
18240,
18133,
18027,
17920,
17813,
17707,
17600,
17493,
17387,
17280,
17173,
17067,
16960,
16853,
16747,
16640,
16533,
16427,
16320,
16213,
16107,
16000,
15893,
15787,
15680,
15573,
15467,
15360,
15253,
15147,
15040,
14933,
14827,
14720,
14613,
14507,
14400,
14293,
14187,
14080,
13973,
13867,
13760,
13653,
13547,
13440,
13333,
13227,
13120,
13013,
12907,
12800,
12693,
12587,
12480,
12373,
12267,
12160,
12053,
11947,
11840,
11733,
11627,
11520,
11413,
11307,
11200,
11093,
10987,
10880,
10773,
10667,
10560,
10453,
10347,
10240,
10133,
10027,
9920,
9813,
9707,
9600,
9493,
9387,
9280,
9173,
9067,
8960,
8853,
8747,
8640,
8533,
8427,
8320,
8213,
8107,
8000,
7893,
7787,
7680,
7573,
7467,
7360,
7253,
7147,
7040,
6933,
6827,
6720,
6613,
6507,
6400,
6293,
6187,
6080,
5973,
5867,
5760,
5653,
5547,
5440,
5333,
5227,
5120,
5013,
4907,
4800,
4693,
4587,
4480,
4373,
4267,
4160,
4053,
3947,
3840,
3733,
3627,
3520,
3413,
3307,
3200,
3093,
2987,
2880,
2773,
2667,
2560,
2453,
2347,
2240,
2133,
2027,
1920,
1813,
1707,
1600,
1493,
1387,
1280,
1173,
1067,
960,
853,
747,
640,
533,
427,
320,
213,
107